{
    "C_01_35mm": "[-0.8622445326446021 -0.497817113029644 -0.09334070869305826 0] [0.49999999999999994 -0.8660254037844387 0.0 0] [-0.08083542493543144 -0.04667035434652912 0.9956342260592881 0] [692.820323027551 399.99999999999994 0.0 1]",
    "C_02_35mm": "[-0.49781711302964426 -0.862244532644602 -0.09334070869305827 0] [0.8660254037844386 -0.5000000000000002 0.0 0] [-0.04667035434652916 -0.08083542493543144 0.9956342260592881 0] [400.0000000000001 692.8203230275509 0.0 1]",
    "C_03_35mm": "[-1.6011019497192098e-16 -0.9956342260592881 -0.09334070869305827 0] [1.0 -1.6081226496766366e-16 0.0 0] [-1.5010330778617594e-17 -0.09334070869305827 0.9956342260592881 0] [4.898587196589413e-14 800.0 0.0 1]",
    "C_04_35mm": "[0.49781711302964377 -0.8622445326446022 -0.09334070869305827 0] [0.8660254037844388 0.4999999999999997 0.0 0] [0.04667035434652911 -0.08083542493543147 0.9956342260592881 0] [-399.99999999999983 692.820323027551 0.0 1]",
    "C_05_35mm": "[0.8622445326446021 -0.4978171130296439 -0.09334070869305826 0] [0.49999999999999983 0.8660254037844387 0.0 0] [0.08083542493543144 -0.046670354346529115 0.9956342260592881 0] [-692.820323027551 399.99999999999994 0.0 1]",
    "C_06_35mm": "[0.9956342260592881 -1.2193002680650596e-16 -0.09334070869305827 0] [1.2246467991473532e-16 1.0 0.0 0] [0.09334070869305827 -1.1430940013109933e-17 0.9956342260592881 0] [-800.0 9.797174393178826e-14 0.0 1]",
    "C_07_35mm": "[0.862244532644602 0.49781711302964415 -0.09334070869305827 0] [-0.5000000000000001 0.8660254037844386 0.0 0] [0.08083542493543144 0.04667035434652914 0.9956342260592881 0] [-692.8203230275509 -400.0000000000001 0.0 1]",
    "C_08_35mm": "[0.4978171130296444 0.8622445326446019 -0.09334070869305827 0] [-0.8660254037844385 0.5000000000000003 0.0 0] [0.046670354346529164 0.08083542493543144 0.9956342260592881 0] [-400.00000000000034 -692.8203230275508 0.0 1]",
    "C_09_35mm": "[2.820402217784269e-16 0.9956342260592881 -0.09334070869305827 0] [-1.0 2.83276944882399e-16 0.0 0] [2.6441270791727528e-17 0.09334070869305827 0.9956342260592881 0] [-1.4695761589768238e-13 -800.0 0.0 1]",
    "C_10_35mm": "[-0.49781711302964426 0.862244532644602 -0.09334070869305827 0] [-0.8660254037844386 -0.5000000000000002 0.0 0] [-0.04667035434652916 0.08083542493543144 0.9956342260592881 0] [400.0000000000001 -692.8203230275509 0.0 1]",
    "C_11_35mm": "[-0.8622445326446019 0.4978171130296444 -0.09334070869305827 0] [-0.5000000000000003 -0.8660254037844385 0.0 0] [-0.08083542493543144 0.046670354346529164 0.9956342260592881 0] [692.8203230275507 -400.00000000000034 0.0 1]",
    "C_12_35mm": "[-0.9956342260592881 1.2193002680650596e-16 -0.09334070869305827 0] [-1.2246467991473532e-16 -1.0 0.0 0] [-0.09334070869305827 1.1430940013109933e-17 0.9956342260592881 0] [800.0 -1.9594348786357651e-13 0.0 1]"
}